0.164000 0.364000 0.314000 0.158000
0.110000 0.272000 0.168000 0.450000
0.064000 0.696000 0.060000 0.180000
0.216000 0.004000 0.014000 0.766000
0.070000 0.294000 0.554000 0.082000
0.212000 0.312000 0.106000 0.370000
0.038000 0.870000 0.008000 0.084000
0.466000 0.118000 0.022000 0.394000
0.008000 0.566000 0.332000 0.094000
0.032000 0.912000 0.014000 0.042000
0.352000 0.056000 0.004000 0.588000
0.072000 0.272000 0.494000 0.162000
